"pH";"Microspecies #1";"Microspecies #2";"Microspecies #3";"Microspecies #4";"Microspecies #5";"Microspecies #6";"Microspecies #7"
"0.0";"100.0";"0.0";"0.0";"0.0";"0.0";"0.0";"0.0"
"0.1";"100.0";"0.0";"0.0";"0.0";"0.0";"0.0";"0.0"
"0.2";"99.9";"0.0";"0.0";"0.0";"0.0";"0.0";"0.0"
"0.3";"99.9";"0.0";"0.0";"0.0";"0.0";"0.0";"0.0"
"0.4";"99.9";"0.1";"0.1";"0.0";"0.0";"0.0";"0.0"
"0.5";"99.9";"0.1";"0.1";"0.0";"0.0";"0.0";"0.0"
"0.6";"99.8";"0.1";"0.1";"0.0";"0.0";"0.0";"0.0"
"0.7";"99.8";"0.1";"0.1";"0.0";"0.0";"0.0";"0.0"
"0.8";"99.7";"0.1";"0.1";"0.0";"0.0";"0.0";"0.0"
"0.9";"99.7";"0.2";"0.2";"0.0";"0.0";"0.0";"0.0"
"1.0";"99.6";"0.2";"0.2";"0.0";"0.0";"0.0";"0.0"
"1.1";"99.5";"0.3";"0.3";"0.0";"0.0";"0.0";"0.0"
"1.2";"99.3";"0.3";"0.3";"0.0";"0.0";"0.0";"0.0"
"1.3";"99.2";"0.4";"0.4";"0.0";"0.0";"0.0";"0.0"
"1.4";"98.9";"0.5";"0.5";"0.0";"0.0";"0.0";"0.0"
"1.5";"98.7";"0.7";"0.7";"0.0";"0.0";"0.0";"0.0"
"1.6";"98.3";"0.8";"0.8";"0.0";"0.0";"0.0";"0.0"
"1.7";"97.9";"1.0";"1.0";"0.0";"0.0";"0.0";"0.0"
"1.8";"97.4";"1.3";"1.3";"0.0";"0.0";"0.0";"0.0"
"1.9";"96.7";"1.6";"1.6";"0.0";"0.0";"0.0";"0.0"
"2.0";"95.9";"2.0";"2.0";"0.0";"0.0";"0.0";"0.0"
"2.1";"94.9";"2.5";"2.5";"0.0";"0.0";"0.0";"0.0"
"2.2";"93.7";"3.2";"3.2";"0.0";"0.0";"0.0";"0.0"
"2.3";"92.2";"3.9";"3.9";"0.0";"0.0";"0.0";"0.0"
"2.4";"90.3";"4.8";"4.8";"0.0";"0.0";"0.0";"0.0"
"2.5";"88.1";"5.9";"5.9";"0.0";"0.0";"0.0";"0.0"
"2.6";"85.5";"7.2";"7.2";"0.0";"0.0";"0.0";"0.0"
"2.7";"82.4";"8.8";"8.8";"0.0";"0.0";"0.0";"0.0"
"2.8";"78.8";"10.6";"10.6";"0.1";"0.0";"0.0";"0.0"
"2.9";"74.7";"12.6";"12.6";"0.1";"0.0";"0.0";"0.0"
"3.0";"70.1";"14.9";"14.9";"0.1";"0.0";"0.0";"0.0"
"3.1";"65.0";"17.4";"17.4";"0.2";"0.0";"0.0";"0.0"
"3.2";"59.6";"20.1";"20.1";"0.2";"0.0";"0.0";"0.0"
"3.3";"53.9";"22.9";"22.9";"0.3";"0.0";"0.0";"0.0"
"3.4";"48.1";"25.7";"25.7";"0.5";"0.0";"0.0";"0.0"
"3.5";"42.4";"28.5";"28.5";"0.6";"0.0";"0.0";"0.0"
"3.6";"36.8";"31.2";"31.2";"0.9";"0.0";"0.0";"0.0"
"3.7";"31.6";"33.6";"33.6";"1.2";"0.0";"0.0";"0.0"
"3.8";"26.7";"35.8";"35.8";"1.6";"0.0";"0.0";"0.0"
"3.9";"22.4";"37.8";"37.8";"2.1";"0.0";"0.0";"0.0"
"4.0";"18.5";"39.4";"39.4";"2.8";"0.0";"0.0";"0.0"
"4.1";"15.2";"40.6";"40.6";"3.6";"0.0";"0.0";"0.0"
"4.2";"12.3";"41.5";"41.5";"4.7";"0.0";"0.0";"0.0"
"4.3";"9.9";"42.1";"42.1";"6.0";"0.0";"0.0";"0.0"
"4.4";"7.9";"42.3";"42.3";"7.5";"0.0";"0.0";"0.0"
"4.5";"6.3";"42.1";"42.1";"9.5";"0.0";"0.0";"0.0"
"4.6";"4.9";"41.6";"41.6";"11.8";"0.0";"0.0";"0.0"
"4.7";"3.8";"40.8";"40.8";"14.6";"0.0";"0.0";"0.0"
"4.8";"3.0";"39.6";"39.6";"17.8";"0.0";"0.0";"0.0"
"4.9";"2.3";"38.1";"38.1";"21.5";"0.0";"0.0";"0.0"
"5.0";"1.7";"36.3";"36.3";"25.8";"0.0";"0.0";"0.0"
"5.1";"1.3";"34.1";"34.1";"30.5";"0.0";"0.0";"0.0"
"5.2";"0.9";"31.7";"31.7";"35.7";"0.0";"0.0";"0.0"
"5.3";"0.7";"29.0";"29.0";"41.2";"0.0";"0.0";"0.0"
"5.4";"0.5";"26.3";"26.3";"47.0";"0.0";"0.0";"0.0"
"5.5";"0.3";"23.4";"23.4";"52.7";"0.0";"0.0";"0.0"
"5.6";"0.2";"20.6";"20.6";"58.5";"0.0";"0.0";"0.0"
"5.7";"0.2";"17.9";"17.9";"63.9";"0.0";"0.0";"0.0"
"5.8";"0.1";"15.4";"15.4";"69.1";"0.0";"0.0";"0.0"
"5.9";"0.1";"13.1";"13.1";"73.8";"0.0";"0.0";"0.0"
"6.0";"0.1";"11.0";"11.0";"78.0";"0.0";"0.0";"0.0"
"6.1";"0.0";"9.1";"9.1";"81.7";"0.0";"0.0";"0.0"
"6.2";"0.0";"7.5";"7.5";"84.8";"0.0";"0.0";"0.0"
"6.3";"0.0";"6.2";"6.2";"87.5";"0.0";"0.0";"0.0"
"6.4";"0.0";"5.0";"5.0";"89.8";"0.1";"0.1";"0.0"
"6.5";"0.0";"4.1";"4.1";"91.7";"0.1";"0.1";"0.0"
"6.6";"0.0";"3.3";"3.3";"93.2";"0.1";"0.1";"0.0"
"6.7";"0.0";"2.6";"2.6";"94.4";"0.1";"0.1";"0.0"
"6.8";"0.0";"2.1";"2.1";"95.4";"0.1";"0.1";"0.0"
"6.9";"0.0";"1.7";"1.7";"96.2";"0.2";"0.2";"0.0"
"7.0";"0.0";"1.4";"1.4";"96.8";"0.2";"0.2";"0.0"
"7.1";"0.0";"1.1";"1.1";"97.2";"0.3";"0.3";"0.0"
"7.2";"0.0";"0.9";"0.9";"97.5";"0.4";"0.4";"0.0"
"7.3";"0.0";"0.7";"0.7";"97.7";"0.5";"0.5";"0.0"
"7.4";"0.0";"0.6";"0.6";"97.7";"0.6";"0.6";"0.0"
"7.5";"0.0";"0.4";"0.4";"97.6";"0.7";"0.7";"0.0"
"7.6";"0.0";"0.3";"0.3";"97.4";"0.9";"0.9";"0.0"
"7.7";"0.0";"0.3";"0.3";"97.1";"1.2";"1.2";"0.0"
"7.8";"0.0";"0.2";"0.2";"96.6";"1.5";"1.5";"0.0"
"7.9";"0.0";"0.2";"0.2";"96.0";"1.8";"1.8";"0.0"
"8.0";"0.0";"0.1";"0.1";"95.1";"2.3";"2.3";"0.0"
"8.1";"0.0";"0.1";"0.1";"94.0";"2.8";"2.8";"0.1"
"8.2";"0.0";"0.1";"0.1";"92.7";"3.5";"3.5";"0.1"
"8.3";"0.0";"0.1";"0.1";"91.0";"4.3";"4.3";"0.1"
"8.4";"0.0";"0.1";"0.1";"89.0";"5.3";"5.3";"0.2"
"8.5";"0.0";"0.0";"0.0";"86.5";"6.5";"6.5";"0.3"
"8.6";"0.0";"0.0";"0.0";"83.5";"8.0";"8.0";"0.5"
"8.7";"0.0";"0.0";"0.0";"80.0";"9.6";"9.6";"0.8"
"8.8";"0.0";"0.0";"0.0";"75.8";"11.5";"11.5";"1.2"
"8.9";"0.0";"0.0";"0.0";"71.1";"13.5";"13.5";"1.8"
"9.0";"0.0";"0.0";"0.0";"65.9";"15.8";"15.8";"2.6"
"9.1";"0.0";"0.0";"0.0";"60.0";"18.1";"18.1";"3.7"
"9.2";"0.0";"0.0";"0.0";"53.8";"20.4";"20.4";"5.3"
"9.3";"0.0";"0.0";"0.0";"47.4";"22.6";"22.6";"7.3"
"9.4";"0.0";"0.0";"0.0";"40.8";"24.6";"24.6";"10.0"
"9.5";"0.0";"0.0";"0.0";"34.4";"26.1";"26.1";"13.4"
"9.6";"0.0";"0.0";"0.0";"28.4";"27.0";"27.0";"17.5"
"9.7";"0.0";"0.0";"0.0";"22.8";"27.4";"27.4";"22.4"
"9.8";"0.0";"0.0";"0.0";"17.9";"27.1";"27.1";"27.8"
"9.9";"0.0";"0.0";"0.0";"13.8";"26.2";"26.2";"33.9"
"10.0";"0.0";"0.0";"0.0";"10.3";"24.7";"24.7";"40.2"
"10.1";"0.0";"0.0";"0.0";"7.6";"22.8";"22.8";"46.8"
"10.2";"0.0";"0.0";"0.0";"5.4";"20.6";"20.6";"53.3"
"10.3";"0.0";"0.0";"0.0";"3.8";"18.3";"18.3";"59.5"
"10.4";"0.0";"0.0";"0.0";"2.7";"16.0";"16.0";"65.4"
"10.5";"0.0";"0.0";"0.0";"1.8";"13.7";"13.7";"70.7"
"10.6";"0.0";"0.0";"0.0";"1.2";"11.7";"11.7";"75.5"
"10.7";"0.0";"0.0";"0.0";"0.8";"9.8";"9.8";"79.7"
"10.8";"0.0";"0.0";"0.0";"0.5";"8.1";"8.1";"83.3"
"10.9";"0.0";"0.0";"0.0";"0.3";"6.7";"6.7";"86.3"
"11.0";"0.0";"0.0";"0.0";"0.2";"5.5";"5.5";"88.8"
"11.1";"0.0";"0.0";"0.0";"0.1";"4.4";"4.4";"91.0"
"11.2";"0.0";"0.0";"0.0";"0.1";"3.6";"3.6";"92.7"
"11.3";"0.0";"0.0";"0.0";"0.1";"2.9";"2.9";"94.1"
"11.4";"0.0";"0.0";"0.0";"0.0";"2.3";"2.3";"95.3"
"11.5";"0.0";"0.0";"0.0";"0.0";"1.9";"1.9";"96.2"
"11.6";"0.0";"0.0";"0.0";"0.0";"1.5";"1.5";"97.0"
"11.7";"0.0";"0.0";"0.0";"0.0";"1.2";"1.2";"97.6"
"11.8";"0.0";"0.0";"0.0";"0.0";"0.9";"0.9";"98.1"
"11.9";"0.0";"0.0";"0.0";"0.0";"0.8";"0.8";"98.5"
"12.0";"0.0";"0.0";"0.0";"0.0";"0.6";"0.6";"98.8"
"12.1";"0.0";"0.0";"0.0";"0.0";"0.5";"0.5";"99.0"
"12.2";"0.0";"0.0";"0.0";"0.0";"0.4";"0.4";"99.2"
"12.3";"0.0";"0.0";"0.0";"0.0";"0.3";"0.3";"99.4"
"12.4";"0.0";"0.0";"0.0";"0.0";"0.2";"0.2";"99.5"
"12.5";"0.0";"0.0";"0.0";"0.0";"0.2";"0.2";"99.6"
"12.6";"0.0";"0.0";"0.0";"0.0";"0.1";"0.1";"99.7"
"12.7";"0.0";"0.0";"0.0";"0.0";"0.1";"0.1";"99.8"
"12.8";"0.0";"0.0";"0.0";"0.0";"0.1";"0.1";"99.8"
"12.9";"0.0";"0.0";"0.0";"0.0";"0.1";"0.1";"99.8"
"13.0";"0.0";"0.0";"0.0";"0.0";"0.1";"0.1";"99.9"
"13.1";"0.0";"0.0";"0.0";"0.0";"0.1";"0.1";"99.9"
"13.2";"0.0";"0.0";"0.0";"0.0";"0.0";"0.0";"99.9"
"13.3";"0.0";"0.0";"0.0";"0.0";"0.0";"0.0";"99.9"
"13.4";"0.0";"0.0";"0.0";"0.0";"0.0";"0.0";"100.0"
"13.5";"0.0";"0.0";"0.0";"0.0";"0.0";"0.0";"100.0"
"13.6";"0.0";"0.0";"0.0";"0.0";"0.0";"0.0";"100.0"
"13.7";"0.0";"0.0";"0.0";"0.0";"0.0";"0.0";"100.0"
"13.8";"0.0";"0.0";"0.0";"0.0";"0.0";"0.0";"100.0"
"13.9";"0.0";"0.0";"0.0";"0.0";"0.0";"0.0";"100.0"
"14.0";"0.0";"0.0";"0.0";"0.0";"0.0";"0.0";"100.0"